id,bid,user_id,用户昵称,微博正文,头条文章url,发布位置,艾特用户,话题,转发数,评论数,点赞数,发布时间,发布工具,微博图片url,微博视频url,retweet_id
3398181738358015,xFc9Dz4iH,1787835751,愛玩夢幻西遊的人父,洗白白我去洗白白...冻死我了。我要去洗白白。想稳番以前细个既大水震下温泉捏。[挖鼻屎]可惜不见了。唯有拿3个小水盘震下温泉了[toto狂汗],,,,,0,9,0,2012-01-04 18:32,微博 weibo.com,,,
